Region: Europe
Subregion: Central Europe
LatLang: 47.33333333,13.33333333
Area: 83871
Population: 8917205
