Region: Americas
Subregion: Caribbean
LatLang: 13.16666666,-59.53333333
Area: 430
Population: 287371
