Region: Americas
Subregion: Caribbean
LatLang: 18.431383,-64.62305
Area: 151
Population: 30237
