Region: Oceania
Subregion: Polynesia
LatLang: -21.23333333,-159.76666666
Area: 236
Population: 18100
