Region: Americas
Subregion: Caribbean
LatLang: 12.116667,-68.933333
Area: 444
Population: 155014
