Region: Americas
Subregion: Caribbean
LatLang: 15.41666666,-61.33333333
Area: 751
Population: 71991
