Region: Americas
Subregion: Central America
LatLang: 13.83333333,-88.91666666
Area: 21041
Population: 6486201
