Region: Africa
Subregion: Western Africa
LatLang: 13.46666666,-16.56666666
Area: 10689
Population: 2416664
