Region: Americas
Subregion: Caribbean
LatLang: 12.11666666,-61.66666666
Area: 344
Population: 112519
