Region: Oceania
Subregion: Micronesia
LatLang: 13.46666666,144.78333333
Area: 549
Population: 168783
