Region: Europe
Subregion: Northern Europe
LatLang: 49.46666666,-2.58333333
Area: 78
Population: 62999
