Region: Europe
Subregion: Southern Europe
LatLang: 42.83333333,12.83333333
Area: 301336
Population: 59554023
