Region: Europe
Subregion: Southeast Europe
LatLang: 42.666667,21.166667
Area: 10908
Population: 1775378
