Region: Asia
Subregion: Western Asia
LatLang: 33.83333333,35.83333333
Area: 10452
Population: 6825442
