Region: Europe
Subregion: Western Europe
LatLang: 47.26666666,9.53333333
Area: 160
Population: 38137
