Region: Africa
Subregion: Eastern Africa
LatLang: -12.83333333,45.16666666
Area: 374
Population: 226915
