Region: Oceania
Subregion: Micronesia
LatLang: -0.53333333,166.91666666
Area: 21
Population: 10834
