Region: Oceania
Subregion: Polynesia
LatLang: -19.03333333,-169.86666666
Area: 260
Population: 1470
