Region: Americas
Subregion: Caribbean
LatLang: 13.88333333,-60.96666666
Area: 616
Population: 183629
