Region: Americas
Subregion: North America
LatLang: 46.83333333,-56.33333333
Area: 242
Population: 6069
