Region: Oceania
Subregion: Polynesia
LatLang: -13.58333333,-172.33333333
Area: 2842
Population: 198410
