Region: Europe
Subregion: Southern Europe
LatLang: 43.76666666,12.41666666
Area: 61
Population: 33938
