Region: Africa
Subregion: Eastern Africa
LatLang: -4.58333333,55.66666666
Area: 452
Population: 98462
