Region: Europe
Subregion: Central Europe
LatLang: 46.11666666,14.81666666
Area: 20273
Population: 2100126
