Region: Asia
Subregion: South-Eastern Asia
LatLang: -8.83333333,125.91666666
Area: 14874
Population: 1318442
