Region: Asia
Subregion: South-Eastern Asia
LatLang: 16.16666666,107.83333333
Area: 331212
Population: 97338583
